   0.00                 270 
   0.10             269.495 
   0.20             269.496 
   0.30             269.497 
   0.40             269.499 
   0.50             269.502 
   0.60             269.504 
   0.70             269.507 
   0.80             269.509 
   0.90              269.51 
   1.00             269.512 
   1.30             269.516 
   2.11             269.522 
   3.00             269.528 
   4.50             269.537 
   6.00             269.546 
   8.00             269.558 
  10.00             269.569 
  12.50             269.584 
  15.00             269.598 
  17.50             269.612 
  20.00             269.626 
  25.00             269.654 
  30.00             269.682 
  35.00              269.71 
  40.00             269.738 
  50.00             269.793 
  60.00             269.848 
  69.96             269.901 
  74.98             269.928 
  77.49             269.941 
  80.00             269.955 
  82.28             269.967 
  87.45             269.994 
  93.24             270.023 
  96.62             270.041 
 100.00             270.058 
 102.77             270.072 
 107.12             270.094 
 110.82             270.112 
 116.12             270.138 
 120.56              270.16 
 125.00             270.181 
 130.96             270.209 
 137.63             270.239 
 143.82             270.266 
 150.00             270.292 
 156.67             270.319 
 164.31             270.348 
 168.88             270.366 
 171.94             270.377 
 175.00             270.389 
 181.78             270.413 
 188.77             270.437 
 194.39             270.455 
 200.00             270.473 
 203.96             270.486 
 209.62             270.503 
 214.30             270.517 
 219.65             270.532 
 225.00             270.547 
 231.43             270.564 
 238.65             270.582 
 243.39             270.594 
 246.70             270.602 
 250.00              270.61 
 256.62             270.625 
 261.87             270.636 
 266.20             270.646 
 270.60             270.655 
 275.00             270.664 
 281.47             270.677 
 287.76             270.689 
 291.60             270.696 
 294.57             270.702 
 297.29             270.706 
 298.64             270.709 
 300.00             270.711 
 302.46             270.716 
 306.73             270.723 
 313.70             270.735 
 318.80             270.743 
 323.43              270.75 
 327.79             270.757 
 331.19             270.762 
 333.45             270.766 
 338.86             270.774 
 341.93             270.778 
 344.17             270.781 
 347.09             270.785 
 350.00             270.789 
 358.33               270.8 
 368.56             270.813 
 374.87             270.821 
 380.93             270.828 
 389.36             270.837 
 400.00             270.849 
 412.80             270.862 
 423.82             270.872 
 433.57             270.881 
 441.78             270.889 
 450.00             270.896 
 456.56             270.902 
 464.52             270.909 
 471.57             270.914 
 481.18             270.922 
 490.59             270.928 
 500.00             270.935 
 512.79             270.943 
 518.30             270.947 
 521.88             270.949 
 532.64             270.956 
 541.32             270.961 
 550.00             270.966 
 558.50             270.971 
 564.09             270.974 
 568.14             270.976 
 576.50              270.98 
 580.81             270.982 
 583.72             270.983 
 585.38             270.984 
 586.62             270.985 
 589.65             270.986 
 594.83             270.989 
 597.41              270.99 
 598.71              270.99 
 600.00             270.991 
 603.88             270.993 
 611.27             270.996 
 619.04             270.999 
 625.55             271.002 
 630.58             271.004 
 634.18             271.005 
 642.09             271.008 
 650.00              271.01 
 654.41             271.012 
 657.90             271.013 
 663.31             271.014 
 673.56             271.018 
 684.21             271.021 
 690.86             271.023 
 695.43             271.024 
 700.00             271.026 
 706.91             271.028 
 715.88              271.03 
 720.15             271.031 
 723.05             271.032 
 729.68             271.034 
 738.33             271.036 
 744.17             271.038 
 750.00             271.039 
 764.96             271.042 
 781.35             271.045 
 790.67             271.047 
 800.00             271.049 
 808.44              271.05 
 816.04             271.052 
 823.20             271.053 
 829.57             271.055 
 834.17             271.055 
 839.25             271.056 
 842.57             271.057 
 845.16             271.058 
 847.58             271.058 
 850.00             271.058 
 856.76              271.06 
 868.45             271.061 
 879.15             271.063 
 887.66             271.064 
 893.83             271.065 
 900.00             271.066 
 906.98             271.067 
 916.34             271.068 
 920.19             271.069 
 922.84             271.069 
 928.73              271.07 
 936.24             271.071 
 943.12             271.072 
 950.00             271.073 
 962.18             271.074 
 978.30             271.075 
 989.15             271.076 
1000.00             271.078 
1009.72             271.078 
1019.57             271.079 
1031.08              271.08 
1040.54             271.081 
1050.00             271.082 
1062.24             271.083 
1067.43             271.083 
1070.69             271.083 
1078.01             271.084 
1087.60             271.084 
1093.80             271.085 
1100.00             271.085 
1114.19             271.086 
1132.10             271.086 
1139.44             271.086 
1144.16             271.087 
1150.00             271.087 
1163.46             271.087 
1172.11             271.087 
1183.40             271.087 
1191.70             271.088 
1200.00             271.088 
1212.71             271.088 
1219.14             271.088 
1223.62             271.089 
1234.13             271.089 
1241.08             271.089 
1245.54             271.089 
1250.00             271.089 
1256.01             271.089 
1264.10             271.089 
1271.04             271.089 
1281.05             271.089 
1300.00             271.089 
1323.71             271.089 
1336.86             271.089 
1343.43             271.089 
1350.00             271.089 
1358.35             271.089 
1366.91             271.089 
1375.75             271.089 
1383.48             271.089 
1391.33             271.089 
1395.67             271.089 
1400.00             271.089 
1405.65             271.089 
1408.10             271.089 
1409.68             271.089 
1414.39             271.089 
1424.73             271.089 
1432.86             271.089 
1441.43             271.089 
1450.00             271.089 
1461.38             271.089 
1470.25             271.089 
1480.13             271.089 
1488.06             271.089 
1494.03             271.089 
1500.00             271.089 
1511.00             271.089 
1523.55             271.089 
1536.78             271.089 
1550.00             271.089 
1562.93             271.089 
1579.92             271.089 
1600.00             271.089 
1616.79              271.09 
1626.73              271.09 
1638.36              271.09 
1644.18              271.09 
1650.00              271.09 
1665.92              271.09 
1675.42              271.09 
1687.71              271.09 
1693.86              271.09 
1700.00             271.091 
1707.81             271.091 
1711.26             271.091 
1713.53             271.091 
1718.69             271.091 
1729.53             271.091 
1739.12             271.091 
1744.56             271.091 
1750.00             271.091 
1764.67             271.091 
1782.33             271.091 
1791.17             271.091 
1800.00             271.091 
1813.94             271.091 
1831.97             271.092 
1840.99             271.092 
1850.00             271.092 
1864.57             271.092 
1881.09             271.092 
1900.00             271.092 
1915.95             271.093 
1923.48             271.093 
1929.08             271.093 
1937.28             271.093 
1950.00             271.094 
1968.42             271.094 
1984.21             271.094 
2000.00             271.094 
2029.45             271.095 
2051.60             271.095 
2075.80             271.095 
2087.90             271.095 
2100.00             271.095 
2132.50             271.095 
2163.69             271.096 
2181.84             271.096 
2190.39             271.096 
2195.19             271.096 
2200.00             271.097 
2211.87             271.097 
2227.34             271.097 
2248.40             271.097 
2273.27             271.098 
2300.00             271.098 
2324.66             271.098 
2353.25             271.098 
2376.62             271.099 
2400.00             271.099 
2427.99             271.099 
2451.42               271.1 
2466.87               271.1 
2481.68               271.1 
2490.84               271.1 
2500.00             271.101 
2513.08             271.101 
2530.59             271.101 
2550.44             271.101 
2565.63             271.102 
2582.82             271.102 
2600.00             271.103 
2615.65             271.103 
2632.22             271.103 
2645.93             271.103 
2655.30             271.104 
2674.01             271.104 
2700.00             271.104 
2732.00             271.105 
2755.36             271.105 
2766.03             271.106 
2772.54             271.106 
2786.27             271.106 
2800.00             271.106 
2825.72             271.107 
2862.86             271.107 
2878.33             271.108 
2888.59             271.108 
2900.00             271.108 
2929.52             271.108 
2964.76             271.109 
2982.38             271.109 
3000.00             271.109 
3020.27             271.109 
3045.01             271.109 
3070.02             271.109 
3085.01              271.11 
3100.00              271.11 
3133.93              271.11 
3159.89              271.11 
3179.94              271.11 
3200.00             271.111 
3226.77             271.111 
3252.91             271.112 
3276.46             271.112 
3300.00             271.112 
3333.80             271.112 
3363.54             271.113 
3377.79             271.113 
3400.00             271.113 
3413.35             271.113 
3438.45             271.113 
3469.22             271.114 
3500.00             271.114 
3538.02             271.115 
3567.36             271.115 
3583.68             271.116 
3600.00             271.116 
3619.11             271.116 
3639.36             271.116 
3662.18             271.117 
3681.09             271.117 
3700.00             271.118 
3723.02             271.118 
3751.25             271.118 
3775.62             271.119 
3800.00             271.119 
3824.20              271.12 
3861.01              271.12 
3875.82             271.121 
3887.89             271.121 
3900.00             271.121 
3918.38             271.122 
3944.45             271.122 
3972.22             271.123 
4000.00             271.123 
4035.87             271.124 
4051.00             271.124 
4060.58             271.124 
4080.29             271.125 
4100.00             271.125 
4129.04             271.125 
4164.52             271.126 
4182.26             271.126 
4200.00             271.127 
4219.21             271.127 
4241.55             271.127 
4270.78             271.128 
4300.00             271.129 
4333.27              271.13 
4366.64              271.13 
4400.00             271.131 
4432.03             271.132 
4466.02             271.133 
4483.01             271.133 
4491.50             271.133 
4500.00             271.134 
4524.35             271.134 
4537.86             271.134 
4559.06             271.135 
4579.53             271.135 
4600.00             271.136 
4632.25             271.137 
4662.67             271.137 
4681.34             271.138 
4700.00             271.138 
4728.33             271.139 
4756.40              271.14 
4778.20              271.14 
4800.00             271.141 
4826.31             271.142 
4851.50             271.142 
4875.75             271.143 
4878.17             271.143 
4881.20             271.143 
4885.94             271.143 
4892.97             271.143 
4900.00             271.143 
4918.07             271.143 
4926.43             271.144 
4934.49             271.144 
4942.81             271.144 
4956.79             271.144 
4978.39             271.144 
5000.00             271.145 
5039.72             271.145 
5069.86             271.146 
5100.00             271.146 
5140.57             271.147 
5170.28             271.148 
5185.14             271.148 
5200.00             271.149 
5213.67             271.149 
5242.16              271.15 
5271.08              271.15 
5285.54              271.15 
5300.00             271.151 
5322.76             271.151 
5326.62             271.151 
5331.45             271.152 
5338.99             271.152 
5350.78             271.152 
5369.19             271.152 
5384.60             271.153 
5400.00             271.153 
5426.39             271.154 
5429.93             271.154 
5434.34             271.154 
5441.25             271.154 
5452.03             271.154 
5468.88             271.155 
5484.44             271.155 
5500.00             271.155 
5541.14             271.156 
5547.03             271.156 
5554.39             271.156 
5565.88             271.157 
5582.94             271.157 
5600.00             271.158 
5630.07             271.158 
5659.72             271.159 
5679.86             271.159 
5700.00              271.16 
5726.86              271.16 
5763.43             271.161 
5781.71             271.162 
5800.00             271.162 
5839.62             271.163 
5869.81             271.164 
5900.00             271.164 
5932.93             271.165 
5960.16             271.166 
5980.08             271.167 
6000.00             271.167 
6003.61             271.167 
6008.13             271.167 
6015.18             271.168 
6026.20             271.168 
6038.51             271.168 
6049.76             271.169 
6073.46             271.169 
6084.22              271.17 
6092.11              271.17 
6100.00              271.17 
6123.67             271.171 
6154.74             271.172 
6177.37             271.173 
6200.00             271.173 
6226.48             271.174 
6247.00             271.174 
6270.62             271.175 
6285.31             271.175 
6300.00             271.176 
6327.35             271.176 
6359.88             271.177 
6400.00             271.177 
6436.18             271.178 
6468.09             271.179 
6500.00              271.18 
6542.29             271.181 
6568.04             271.181 
6584.02             271.182 
6600.00             271.182 
6619.04             271.183 
6645.56             271.183 
6672.78             271.184 
6700.00             271.185 
6743.40             271.186 
6771.70             271.187 
6800.00             271.188 
6835.87             271.189 
6867.93             271.189 
6900.00              271.19 
6944.10             271.191 
6972.05             271.192 
7000.00             271.193 
7018.27             271.193 
7037.75             271.194 
7068.88             271.195 
7084.44             271.195 
7100.00             271.195 
7104.49             271.195 
7110.11             271.196 
7118.89             271.196 
7132.60             271.196 
7154.02             271.197 
7177.01             271.197 
7200.00             271.198 
7240.81             271.199 
7270.41               271.2 
7300.00               271.2 
7348.53             271.201 
7374.27             271.202 
7400.00             271.203 
7440.07             271.203 
7470.04             271.204 
7500.00             271.205 
7505.00             271.205 
7511.25             271.205 
7521.02             271.205 
7536.27             271.206 
7560.12             271.206 
7580.06             271.207 
7600.00             271.207 
7650.00             271.209 
7675.00             271.209 
7684.30              271.21 
7689.84              271.21 
7694.14              271.21 
7700.00              271.21 
7717.58              271.21 
7758.79             271.211 
7800.00             271.212 
7804.21             271.212 
7809.48             271.213 
7817.71             271.213 
7830.56             271.213 
7850.65             271.214 
7853.12             271.214 
7856.20             271.214 
7861.02             271.214 
7868.55             271.214 
7880.32             271.215 
7890.16             271.215 
7900.00             271.215 
7929.52             271.216 
7964.76             271.217 
8000.00             271.218 
8046.63             271.219 
8073.31              271.22 
8086.66              271.22 
8100.00             271.221 
8126.00             271.221 
8142.16             271.222 
8171.08             271.222 
8173.97             271.222 
8177.59             271.222 
8183.24             271.223 
8191.62             271.223 
8200.00             271.223 
8221.55             271.223 
8254.58             271.224 
8277.29             271.225 
8300.00             271.225 
8334.76             271.226 
8350.14             271.227 
8359.54             271.227 
8379.77             271.228 
8400.00             271.228 
8432.47             271.229 
8465.70              271.23 
8482.85              271.23 
8500.00             271.231 
8543.47             271.232 
8571.74             271.232 
8600.00             271.233 
8604.75             271.233 
8610.70             271.233 
8619.99             271.233 
8634.50             271.234 
8657.17             271.234 
8678.59             271.235 
8700.00             271.235 
8704.62             271.235 
8710.39             271.236 
8719.41             271.236 
8733.50             271.236 
8755.51             271.237 
8777.75             271.237 
8788.88             271.238 
8794.44             271.238 
8800.00             271.238 
8816.68             271.238 
8825.95             271.238 
8838.41             271.239 
8869.20             271.239 
8872.28             271.239 
8876.13              271.24 
8882.15              271.24 
8891.07              271.24 
8900.00              271.24 
8922.94             271.241 
8958.79             271.242 
9000.00             271.243 
9034.14             271.243 
9067.07             271.244 
9100.00             271.245 
9140.02             271.246 
9170.01             271.247 
9185.01             271.247 
9200.00             271.248 
9222.16             271.248 
9240.59             271.249 
9267.67              271.25 
9300.00              271.25 
9345.57             271.251 
9400.00             271.252 
9450.00             271.254 
9475.00             271.254 
9487.50             271.254 
9493.75             271.254 
9500.00             271.255 
9518.75             271.255 
9522.81             271.255 
9527.89             271.255 
9535.83             271.255 
9548.22             271.256 
9567.59             271.256 
9583.80             271.256 
9600.00             271.257 
9606.01             271.257 
9609.62             271.257 
9620.45             271.257 
9647.67             271.258 
9652.91             271.258 
9659.45             271.258 
9669.67             271.258 
9684.83             271.259 
9700.00             271.259 
9738.99              271.26 
9769.49             271.261 
9772.54             271.261 
9776.36             271.261 
9782.32             271.261 
9791.16             271.261 
9800.00             271.262 
9822.73             271.262 
9857.06             271.263 
9878.53             271.264 
9900.00             271.264 
9934.48             271.265 
9967.24             271.266 
9983.62             271.267 
10000.00             271.267 
