   0.00            270 
   0.10         268.94 
   0.20         268.94 
   0.30         268.94 
   0.40         268.94 
   0.50         268.94 
   0.60         268.94 
   0.70         268.94 
   0.80         268.94 
   0.90         268.94 
   1.00         268.94 
   1.30         268.94 
   2.15         268.94 
   3.00         268.94 
   4.50         268.94 
   6.00         268.94 
   8.00         268.94 
  10.00        268.939 
  15.00        268.939 
  20.00        268.938 
  30.00        268.937 
  40.00        268.936 
  60.00        268.934 
  80.00        268.931 
 100.00        268.929 
 125.00        268.926 
 150.00        268.922 
 175.00        268.919 
 200.00        268.916 
 225.00        268.912 
 250.00        268.909 
 275.00        268.905 
 300.00        268.902 
 350.00        268.895 
 400.00        268.887 
 450.00        268.879 
 500.00        268.872 
 550.00        268.864 
 600.00        268.856 
 650.00        268.847 
 700.00        268.839 
 750.00         268.83 
 800.00        268.822 
 850.00        268.813 
 900.00        268.804 
 950.00        268.795 
1000.00        268.786 
1050.00        268.776 
1100.00        268.767 
1150.00        268.758 
1200.00        268.748 
1250.00        268.739 
1300.00        268.729 
1350.00        268.719 
1400.00        268.709 
1450.00        268.699 
1500.00        268.689 
1550.00        268.679 
1600.00        268.669 
1650.00        268.659 
1700.00        268.649 
1750.00        268.638 
1800.00        268.628 
1850.00        268.617 
1900.00        268.607 
1950.00        268.596 
2000.00        268.586 
2100.00        268.564 
2200.00        268.542 
2300.00         268.52 
2400.00        268.497 
2500.00        268.474 
2600.00        268.451 
2700.00        268.428 
2800.00        268.404 
2900.00         268.38 
3000.00        268.356 
3100.00        268.332 
3200.00        268.307 
3300.00        268.282 
3400.00        268.257 
3500.00        268.232 
3600.00        268.206 
3700.00         268.18 
3800.00        268.154 
3900.00        268.128 
4000.00        268.101 
4100.00        268.075 
4200.00        268.048 
4300.00        268.021 
4400.00        267.994 
4500.00        267.966 
4600.00        267.939 
4700.00        267.911 
4800.00        267.883 
4900.00        267.855 
5000.00        267.827 
5100.00        267.799 
5200.00        267.771 
5300.00        267.742 
5400.00        267.714 
5500.00        267.685 
5600.00        267.656 
5700.00        267.627 
5800.00        267.598 
5900.00        267.569 
6000.00         267.54 
6100.00        267.511 
6200.00        267.481 
6300.00        267.452 
6400.00        267.422 
6500.00        267.393 
6600.00        267.363 
6700.00        267.333 
6800.00        267.303 
6900.00        267.274 
7000.00        267.244 
7100.00        267.214 
7200.00        267.184 
7300.00        267.154 
7400.00        267.124 
7500.00        267.094 
7600.00        267.064 
7700.00        267.034 
7800.00        267.004 
7900.00        266.974 
8000.00        266.944 
8100.00        266.914 
8200.00        266.884 
8300.00        266.854 
8400.00        266.824 
8500.00        266.795 
8600.00        266.765 
8700.00        266.735 
8800.00        266.706 
8900.00        266.676 
9000.00        266.647 
9100.00        266.617 
9200.00        266.588 
9300.00        266.558 
9400.00        266.529 
9500.00          266.5 
9600.00         266.47 
9700.00        266.441 
9800.00        266.412 
9900.00        266.383 
10000.00        266.354 
