   0.00               270 
   0.10           269.495 
   0.20           269.495 
   0.30           269.495 
   0.40           269.495 
   0.50           269.494 
   0.60           269.494 
   0.70           269.494 
   0.80           269.494 
   0.90           269.494 
   1.00           269.494 
   1.30           269.494 
   2.15           269.494 
   3.00           269.494 
   4.50           269.494 
   6.00           269.494 
  10.00           269.493 
  15.00           269.492 
  20.00           269.492 
  30.00           269.491 
  40.00            269.49 
  60.00           269.489 
  80.00           269.489 
 100.00           269.489 
 125.00           269.489 
 150.00           269.489 
 175.00           269.488 
 200.00           269.487 
 225.00           269.486 
 250.00           269.484 
 275.00           269.482 
 300.00           269.479 
 350.00           269.474 
 400.00           269.468 
 450.00           269.462 
 500.00           269.456 
 550.00           269.449 
 600.00           269.443 
 650.00           269.436 
 700.00            269.43 
 750.00           269.423 
 800.00           269.416 
 850.00           269.409 
 900.00           269.402 
 950.00           269.394 
1000.00           269.387 
1050.00           269.379 
1100.00           269.371 
1150.00           269.363 
1200.00           269.354 
1250.00           269.346 
1300.00           269.337 
1350.00           269.329 
1400.00            269.32 
1450.00            269.31 
1500.00           269.301 
1550.00           269.292 
1600.00           269.282 
1650.00           269.272 
1700.00           269.262 
1750.00           269.252 
1800.00           269.242 
1850.00           269.232 
1900.00           269.221 
1950.00            269.21 
2000.00           269.199 
2100.00           269.177 
2200.00           269.154 
2300.00           269.131 
2400.00           269.107 
2500.00           269.082 
2600.00           269.057 
2700.00           269.031 
2800.00           269.004 
2900.00           268.977 
3000.00            268.95 
3100.00           268.922 
3200.00           268.894 
3300.00           268.865 
3400.00           268.836 
3500.00           268.806 
3600.00           268.776 
3700.00           268.745 
3800.00           268.714 
3900.00           268.683 
4000.00           268.651 
4100.00           268.619 
4200.00           268.586 
4300.00           268.553 
4400.00            268.52 
4500.00           268.487 
4600.00           268.453 
4700.00           268.419 
4800.00           268.385 
4900.00            268.35 
5000.00           268.315 
5100.00            268.28 
5200.00           268.245 
5300.00            268.21 
5400.00           268.174 
5500.00           268.138 
5600.00           268.102 
5700.00           268.066 
5800.00            268.03 
5900.00           267.993 
6000.00           267.956 
6100.00            267.92 
6200.00           267.883 
6300.00           267.846 
6400.00           267.808 
6500.00           267.771 
6600.00           267.733 
6700.00           267.696 
6800.00           267.658 
6900.00           267.621 
7000.00           267.583 
7100.00           267.545 
7200.00           267.507 
7300.00           267.469 
7400.00           267.431 
7500.00           267.393 
7600.00           267.355 
7700.00           267.316 
7800.00           267.278 
7900.00            267.24 
8000.00           267.202 
8100.00           267.163 
8200.00           267.125 
8300.00           267.087 
8400.00           267.048 
8500.00            267.01 
8600.00           266.971 
8700.00           266.933 
8800.00           266.895 
8900.00           266.856 
9000.00           266.818 
9100.00           266.779 
9200.00           266.741 
9300.00           266.703 
9400.00           266.664 
9500.00           266.626 
9600.00           266.587 
9700.00           266.549 
9800.00            266.51 
9900.00           266.472 
10000.00           266.434 
