   0.00              270 
   0.10           268.94 
   0.20           268.94 
   0.30           268.94 
   0.40           268.94 
   0.50           268.94 
   0.60           268.94 
   0.70           268.94 
   0.80           268.94 
   0.90           268.94 
   1.00           268.94 
   1.30           268.94 
   2.15           268.94 
   3.00           268.94 
   4.50           268.94 
   6.00           268.94 
  10.00           268.94 
  15.00          268.939 
  20.00          268.939 
  30.00          268.938 
  40.00          268.937 
  60.00          268.935 
  80.00          268.933 
 100.00          268.931 
 125.00          268.929 
 150.00          268.926 
 175.00          268.923 
 200.00          268.921 
 225.00          268.918 
 250.00          268.915 
 275.00          268.913 
 300.00           268.91 
 350.00          268.904 
 400.00          268.898 
 450.00          268.892 
 500.00          268.886 
 550.00           268.88 
 600.00          268.873 
 650.00          268.867 
 700.00           268.86 
 750.00          268.853 
 800.00          268.846 
 850.00           268.84 
 900.00          268.832 
 950.00          268.825 
1000.00          268.818 
1050.00          268.811 
1100.00          268.803 
1150.00          268.796 
1200.00          268.788 
1250.00          268.781 
1300.00          268.773 
1350.00          268.765 
1400.00          268.757 
1450.00          268.749 
1500.00          268.741 
1550.00          268.733 
1600.00          268.725 
1650.00          268.717 
1700.00          268.709 
1750.00          268.701 
1800.00          268.693 
1850.00          268.684 
1900.00          268.676 
1950.00          268.667 
2000.00          268.659 
2100.00          268.641 
2200.00          268.624 
2300.00          268.606 
2400.00          268.588 
2500.00           268.57 
2600.00          268.552 
2700.00          268.533 
2800.00          268.514 
2900.00          268.495 
3000.00          268.475 
3100.00          268.456 
3200.00          268.436 
3300.00          268.416 
3400.00          268.395 
3500.00          268.375 
3600.00          268.354 
3700.00          268.333 
3800.00          268.312 
3900.00           268.29 
4000.00          268.269 
4100.00          268.247 
4200.00          268.225 
4300.00          268.203 
4400.00           268.18 
4500.00          268.158 
4600.00          268.135 
4700.00          268.112 
4800.00          268.089 
4900.00          268.065 
5000.00          268.042 
5100.00          268.018 
5200.00          267.994 
5300.00           267.97 
5400.00          267.946 
5500.00          267.922 
5600.00          267.897 
5700.00          267.872 
5800.00          267.847 
5900.00          267.822 
6000.00          267.797 
6100.00          267.772 
6200.00          267.747 
6300.00          267.721 
6400.00          267.695 
6500.00          267.669 
6600.00          267.643 
6700.00          267.617 
6800.00          267.591 
6900.00          267.564 
7000.00          267.538 
7100.00          267.511 
7200.00          267.485 
7300.00          267.458 
7400.00          267.431 
7500.00          267.404 
7600.00          267.377 
7700.00           267.35 
7800.00          267.322 
7900.00          267.295 
8000.00          267.268 
8100.00           267.24 
8200.00          267.213 
8300.00          267.185 
8400.00          267.157 
8500.00           267.13 
8600.00          267.102 
8700.00          267.074 
8800.00          267.046 
8900.00          267.018 
9000.00           266.99 
9100.00          266.962 
9200.00          266.933 
9300.00          266.905 
9400.00          266.877 
9500.00          266.848 
9600.00          266.819 
9700.00          266.791 
9800.00          266.762 
9900.00          266.733 
10000.00          266.705 
