   0.00                 270 
   0.10             269.435 
   0.20             269.395 
   0.30             269.364 
   0.40             269.337 
   0.50             269.313 
   0.60             269.291 
   0.70             269.271 
   0.80             269.252 
   0.90             269.235 
   1.00             269.219 
   1.30             269.178 
   2.15               269.1 
   3.00             269.046 
   4.50             268.987 
   6.00             268.948 
  10.00             268.893 
  15.00             268.855 
  20.00             268.831 
  30.00             268.803 
  40.00             268.785 
  60.00             268.765 
  80.00              268.75 
 100.00             268.739 
 125.00             268.728 
 150.00             268.717 
 175.00             268.706 
 200.00             268.695 
 225.00             268.684 
 250.00             268.672 
 275.00              268.66 
 300.00             268.647 
 350.00              268.62 
 400.00             268.592 
 450.00             268.564 
 500.00             268.534 
 550.00             268.504 
 600.00             268.474 
 650.00             268.443 
 700.00             268.413 
 750.00             268.382 
 800.00             268.352 
 850.00             268.321 
 900.00             268.291 
 950.00             268.262 
1000.00             268.232 
1050.00             268.204 
1100.00             268.175 
1150.00             268.147 
1200.00              268.12 
1250.00             268.093 
1300.00             268.067 
1350.00             268.041 
1400.00             268.015 
1450.00              267.99 
1500.00             267.965 
1550.00             267.941 
1600.00             267.918 
1650.00             267.894 
1700.00             267.871 
1750.00             267.849 
1800.00             267.827 
1850.00             267.805 
1900.00             267.784 
1950.00             267.763 
2000.00             267.742 
2100.00             267.702 
2200.00             267.663 
2300.00             267.625 
2400.00             267.588 
2500.00             267.552 
2600.00             267.518 
2700.00             267.484 
2800.00             267.451 
2900.00             267.418 
3000.00             267.387 
3100.00             267.356 
3200.00             267.326 
3300.00             267.297 
3400.00             267.269 
3500.00             267.241 
3600.00             267.214 
3700.00             267.187 
3800.00             267.161 
3900.00             267.135 
4000.00              267.11 
4100.00             267.086 
4200.00             267.062 
4300.00             267.039 
4400.00             267.016 
4500.00             266.994 
4600.00             266.973 
4700.00             266.951 
4800.00              266.93 
4900.00              266.91 
5000.00              266.89 
5100.00             266.871 
5200.00             266.852 
5300.00             266.833 
5400.00             266.814 
5500.00             266.796 
5600.00             266.779 
5700.00             266.761 
5800.00             266.744 
5900.00             266.727 
6000.00             266.711 
6100.00             266.695 
6200.00             266.679 
6300.00             266.664 
6400.00             266.649 
6500.00             266.634 
6600.00             266.619 
6700.00             266.605 
6800.00             266.591 
6900.00             266.577 
7000.00             266.563 
7100.00              266.55 
7200.00             266.537 
7300.00             266.525 
7400.00             266.512 
7500.00               266.5 
7600.00             266.488 
7700.00             266.476 
7800.00             266.465 
7900.00             266.453 
8000.00             266.442 
8100.00             266.432 
8200.00             266.421 
8300.00             266.411 
8400.00             266.401 
8500.00             266.391 
8600.00             266.381 
8700.00             266.372 
8800.00             266.362 
8900.00             266.353 
9000.00             266.344 
9100.00             266.336 
9200.00             266.327 
9300.00             266.319 
9400.00             266.311 
9500.00             266.303 
9600.00             266.296 
9700.00             266.288 
9800.00             266.281 
9900.00             266.274 
10000.00             266.267 
