0.000000000000000000e+00
2.261968372320145875e+02
2.261968372320145875e+02
2.198708317290987964e+02
2.224617096601527066e+02
2.221351501094009677e+02
2.203983510033900473e+02
2.206368732920771265e+02
2.233939655739090426e+02
2.262644498492802256e+02
2.280615838255594667e+02
2.278772924903041712e+02
2.279564086431462613e+02
2.281033721792861400e+02
2.282151208106001548e+02
2.282566743982946775e+02
2.282254505160157407e+02
2.281594812609752978e+02
2.280615838255594667e+02
2.279404445529585246e+02
2.278049845523950978e+02
2.276624815708664755e+02
2.275188047591770157e+02
2.273781799059057676e+02
2.272441285015353856e+02
2.271187634403553659e+02
2.270030237864943956e+02
2.268980833701133690e+02
2.268037074251800504e+02
2.267194264196302242e+02
2.266691864887453107e+02
2.266227028143752023e+02
2.265804449285841713e+02
2.265417085332757381e+02
2.265064936284499026e+02
2.264745654480744577e+02
2.264456892261172811e+02
2.264179868343209137e+02
2.263996750838115020e+02
2.263830066955272287e+02
2.263677469034360570e+02
2.263536609415057228e+02
2.263412183418005554e+02
2.263299495722563108e+02
2.263196198668407249e+02
2.263106987576181552e+02
2.263029514785564800e+02
2.262963780296556706e+02
2.262909784109156988e+02
2.262867526223365928e+02
2.262839354299505032e+02
2.262822920677253080e+02
2.262822920677253080e+02
2.262839354299505032e+02
2.262874569204331010e+02
2.262954389655269836e+02
2.263027167125243011e+02
2.263076467991999152e+02
2.263135159500042448e+02
2.263200893989050826e+02
2.263276019119345790e+02
2.263360534890927909e+02
2.263456788964118402e+02
2.263564781338917840e+02
2.263684512015325652e+02
2.263820676313985416e+02
2.263973274234897701e+02
2.264142305778061655e+02
2.264330118603799349e+02
2.264541408032754646e+02
2.264773826404605188e+02
2.265036764360638415e+02
2.265327874240531969e+02
2.265651851364929996e+02
2.266011043394153432e+02
2.266412493309168212e+02
2.266858548770295840e+02
2.267353905098179325e+02
2.267903257613462529e+02
2.268511301636788744e+02
2.269189775469766914e+02
2.269941026772718544e+02
2.270776793847252009e+02
2.271704119674332674e+02
2.272737090215890987e+02
2.273887443773535324e+02
2.275164570988552839e+02
2.276591948464160566e+02
2.278186009822611027e+02
2.279970231667120686e+02
2.281975133581872512e+02
2.284235930471692200e+02
2.286794880222370523e+02
2.289698936040342403e+02
2.293009137093972356e+02
2.296786522551625183e+02
2.301103869883274342e+02
2.306045694860501953e+02
2.311701208575533713e+02
2.318176055742846700e+02
2.325315290781207693e+02
2.333184648179624219e+02
2.341901510954183152e+02
2.351533961254214091e+02
2.362004526289100568e+02
2.373367202246241447e+02
2.385739372141723607e+02
2.398674980514419417e+02
2.412573129619021586e+02
2.427222530026575669e+02
2.442975330785339452e+02
2.460277587356440847e+02
2.479692738217092938e+02
2.501995511273464956e+02
2.561156551380893802e+02
